44,4,4,6,42
44,7,2,45,2
2,48,33,8,9
5,4,13,6,72
7,30,11,37,15
19,28,20,13,20
46,14,2,8,30
29,38,6,4,23
8,6,34,15,37
1,36,18,14,31
27,2,23,41,7
51,1,40,4,4
22,45,18,13,2
11,4,13,5,67
5,8,8,74,5
7,4,13,49,27
66,10,5,14,5
43,42,5,6,4
5,16,7,52,20
34,34,7,5,20
8,26,7,26,33
2,20,14,46,18
27,19,19,10,25
5,5,15,14,61
61,4,1,16,18
6,5,28,13,48
4,22,47,17,10
18,9,3,49,21
8,51,15,1,25
3,23,37,26,11
50,7,9,20,14
18,10,48,22,2
4,73,7,2,14
24,29,26,11,10
1,1,26,67,5
22,5,1,35,37
31,15,38,7,9
6,36,13,9,36
11,48,32,5,4
3,10,54,32,1
75,8,5,6,6
25,16,15,30,14
1,37,31,17,14
15,7,5,6,67
10,77,3,6,4
24,39,13,18,6
16,6,3,69,6
12,3,23,59,3
14,40,28,14,4
25,23,1,3,48
10,2,52,35,1
4,40,4,39,13
6,52,12,5,25
48,27,10,14,1
17,37,27,6,13
28,23,17,27,5
11,4,22,17,46
7,8,13,13,59
15,31,17,25,12
7,12,53,2,26
51,29,3,6,11
1,62,7,2,28
15,4,34,23,24
7,45,31,14,3
8,15,52,11,14
27,24,4,31,14
3,2,38,42,15
23,2,17,8,50
14,28,8,46,4
9,2,4,69,16
35,33,3,12,17
30,18,3,18,31
15,6,7,29,43
6,20,24,42,8
6,7,41,41,5
24,14,7,45,10
40,9,22,24,5
19,15,15,8,43
22,23,8,7,40
21,12,26,19,22
19,30,18,18,15
3,30,12,1,54
6,7,57,3,27
36,4,18,7,35
24,8,26,18,24
6,13,25,26,30
29,48,1,13,9
9,4,14,43,30
6,6,75,11,2
38,18,9,34,1
21,16,7,33,23
16,8,27,36,13
12,32,40,9,7
23,5,63,4,5
34,8,39,6,13
11,32,8,10,39
1,40,16,19,24
20,54,8,9,9
1,3,6,86,4
44,10,26,7,13
7,42,4,36,11
11,2,3,71,13
31,27,3,10,29
18,17,41,6,18
17,11,21,19,32
25,42,3,2,28
1,4,59,26,10
29,29,7,33,2
6,23,25,8,38
31,13,18,3,35
26,29,21,23,1
26,15,28,8,23
7,17,9,39,28
35,5,6,29,25
9,8,36,46,1
3,33,3,30,31
26,31,6,32,5
18,10,2,16,54
36,5,32,21,6
13,7,11,61,8
2,36,4,42,16
2,46,3,11,38
39,17,18,7,19
23,30,22,17,8
57,10,3,12,18
11,56,30,2,1
4,12,3,40,41
39,5,8,44,4
5,14,2,11,68
37,1,15,9,38
27,18,20,17,18
59,9,19,1,12
35,16,19,11,19
1,43,9,34,13
8,12,39,12,29
66,17,6,7,4
26,24,19,25,6
2,16,27,25,30
30,24,33,4,9
25,8,7,2,58
26,45,1,13,15
33,14,47,1,5
14,64,6,10,6
15,3,8,30,44
29,39,4,18,10
16,1,1,53,29
52,1,19,1,27
24,9,24,20,23
35,38,1,25,1
1,51,27,18,3
11,25,47,15,2
5,32,17,12,34
20,3,7,54,16
15,48,1,33,3
42,24,27,3,4
2,14,53,23,8
30,3,15,8,44
18,5,26,50,1
19,6,12,38,25
34,9,42,11,4
4,27,48,19,2
20,33,4,14,29
19,31,7,41,2
12,24,35,10,19
12,22,10,6,50
5,11,29,12,43
3,28,45,9,15
1,16,2,43,38
8,8,48,28,8
22,4,47,12,15
54,2,34,7,3
20,4,6,47,23
22,53,6,5,14
11,23,15,17,34
23,40,22,1,14
1,74,15,2,8
8,62,20,2,8
49,5,24,1,21
5,74,1,8,12
8,8,40,34,10
12,34,15,30,9
20,11,31,14,24
14,30,1,3,52
43,35,18,1,3
13,17,20,17,33
63,8,19,3,7
51,3,5,10,31
15,3,10,59,13
43,14,31,10,2
15,6,16,59,4
23,12,40,16,9
5,6,2,79,8
29,19,8,35,9
5,31,22,20,22
2,26,44,10,18
2,48,26,15,9
35,5,10,21,29
7,18,35,16,24
14,16,11,53,6
4,31,38,6,21
8,33,17,24,18
45,39,1,7,8
27,11,8,9,45
50,3,18,22,7
31,10,14,21,24
8,2,34,45,11
28,12,7,13,40
15,6,44,18,17
7,3,31,37,22
17,1,10,37,35
7,1,18,70,4
19,4,16,44,17
13,22,51,11,3
31,8,28,3,30
11,43,3,37,6
1,25,45,22,7
9,15,7,15,54
16,12,25,18,29
38,18,20,20,4
1,9,47,4,39
15,12,30,6,37
2,9,3,20,66
28,47,7,12,6
14,1,40,16,29
27,38,15,12,8
2,21,4,15,58
1,25,10,31,33
6,17,16,14,47
36,49,2,12,1
47,11,35,2,5
9,2,8,32,49
15,20,29,30,6
4,42,10,32,12
14,5,35,18,28
6,27,41,18,8
27,24,5,26,18
2,32,22,34,10
42,12,3,17,26
3,11,3,53,30
43,9,13,14,21
37,13,37,6,7
15,2,25,44,14
55,26,12,1,6
33,16,20,8,23
7,60,7,4,22
30,49,8,5,8
13,9,33,2,43
17,34,1,16,32
2,9,64,11,14
14,20,6,40,20
51,4,10,11,24
23,18,10,6,43
52,2,5,3,38
29,19,29,8,15
24,19,34,16,7
40,26,2,3,29
1,4,46,14,35
34,1,49,3,13
45,6,11,1,37
13,7,21,44,15
3,34,56,6,1
8,43,31,4,14
5,57,2,32,4
20,7,1,51,21
36,9,25,10,20
13,2,48,28,9
1,26,39,13,21
23,15,33,14,15
59,6,7,14,14
35,2,30,7,26
2,44,14,35,5
13,19,9,29,30
18,23,41,10,8
48,2,7,30,13
10,2,63,19,6
10,9,41,3,37
24,44,18,13,1
16,60,3,15,6
16,13,2,24,45
6,45,27,11,11
7,20,16,25,32
11,12,33,10,34
60,2,16,10,12
33,36,16,7,8
28,3,5,4,60
2,3,14,67,14
21,14,4,1,60
20,45,26,6,3
21,1,14,29,35
11,14,60,8,7
17,45,15,8,15
5,29,12,27,27
18,6,13,13,50
17,12,3,20,48
40,28,2,3,27
8,19,12,20,41
8,22,4,60,6
28,4,39,17,12
9,7,31,41,12
19,6,36,2,37
10,24,14,2,50
43,13,5,6,33
9,6,31,38,16
6,29,17,34,14
10,37,27,11,15
62,16,2,2,18
1,25,28,14,32
25,19,24,11,21
28,12,2,37,21
17,10,30,4,39
32,5,24,24,15
12,3,62,21,2
7,17,17,20,39
33,26,5,23,13
32,16,36,15,1
19,61,2,7,11
7,48,6,8,31
9,9,36,8,38
39,43,5,3,10
21,25,2,45,7
9,35,12,34,10
36,13,11,34,6
33,1,19,29,18
8,3,45,29,15
1,66,18,2,13
56,9,9,11,15
1,21,56,8,14
2,2,47,32,17
13,14,29,23,21
6,39,31,13,11
14,6,17,51,12
12,15,45,17,11
3,19,6,65,7
12,10,8,29,41
5,35,35,10,15
8,3,66,10,13
36,6,20,1,37
62,6,6,25,1
15,13,21,7,44
4,27,21,10,38
5,3,4,33,55
35,12,6,3,44
28,28,1,4,39
20,17,7,26,30
41,2,4,14,39
9,11,25,10,45
16,8,29,11,36
2,15,56,25,2
25,4,10,46,15
37,5,14,13,31
2,2,6,64,26
5,48,26,2,19
10,2,50,10,28
14,10,24,11,41
1,22,7,34,36
44,22,14,3,17
32,5,23,2,38
4,4,58,26,8
10,52,4,31,3
30,4,48,8,10
5,40,20,9,26
34,5,25,10,26
13,45,6,28,8
3,16,32,1,48
18,1,61,3,17
14,51,20,4,11
8,13,25,28,26
75,4,13,5,3
42,5,41,6,6
30,60,5,1,4
5,7,20,8,60
6,1,7,7,79
29,30,35,1,5
1,21,22,34,22
7,27,9,18,39
11,29,7,42,11
6,35,31,3,25
48,35,9,3,5
29,1,24,8,38
29,7,13,24,27
24,40,1,16,19
58,4,12,14,12
9,27,30,22,12
40,5,39,8,8
54,7,2,14,23
21,26,5,22,26
10,22,18,1,49
13,49,14,10,14
25,5,6,12,52
39,2,17,21,21
3,9,31,21,36
7,47,21,1,24
54,24,17,2,3
1,23,50,21,5
1,50,36,11,2
22,18,39,10,11
4,2,12,64,18
40,23,15,3,19
6,15,22,50,7
20,17,14,25,24
9,31,45,13,2
1,16,17,34,32
18,18,19,10,35
10,2,18,7,63
51,32,10,4,3
6,37,31,2,24
12,4,40,20,24
3,5,6,76,10
20,10,14,24,32
4,18,17,10,51
35,40,13,6,6
24,24,24,18,10
23,56,17,3,1
3,4,62,17,14
14,1,33,36,16
25,7,10,33,25
39,41,5,11,4
23,23,20,13,21
58,9,15,14,4
2,7,31,20,40
19,35,25,12,9
45,17,35,2,1
17,3,22,20,38
1,86,10,2,1
20,50,12,16,2
26,33,16,3,22
10,22,8,58,2
6,11,31,5,47
12,56,2,1,29
14,42,27,2,15
2,21,3,15,59
26,34,17,13,10
28,2,49,20,1
20,8,63,5,4
29,39,6,12,14
11,7,51,1,30
63,5,3,24,5
42,48,6,2,2
1,46,2,17,34
14,39,6,20,21
7,49,5,18,21
10,2,12,46,30
45,11,8,27,9
13,1,18,29,39
9,4,3,7,77
21,43,1,12,23
12,48,35,3,2
26,24,11,7,32
20,38,5,21,16
25,56,10,3,6
5,21,34,25,15
20,32,33,4,11
20,18,13,23,26
2,1,12,34,51
1,29,19,40,11
2,48,29,19,2
16,10,30,17,27
24,34,28,2,12
12,14,30,28,16
26,59,13,1,1
57,2,10,28,3
43,3,16,11,27
22,22,27,16,13
32,8,10,39,11
23,9,11,56,1
36,21,2,11,30
6,20,69,4,1
7,2,32,6,53
16,17,4,43,20
63,11,3,22,1
13,10,44,13,20
26,35,24,14,1
9,36,16,3,36
3,5,61,21,10
40,4,16,26,14
7,3,39,1,50
1,49,42,1,7
16,15,23,21,25
3,22,33,40,2
20,12,45,16,7
15,69,7,6,3
51,18,1,14,16
27,2,19,5,47
15,16,36,4,29
47,37,2,7,7
17,6,9,23,45
8,16,19,31,26
13,6,35,32,14
40,33,6,18,3
8,4,28,36,24
10,1,39,39,11
62,14,2,20,2
6,65,5,23,1
17,39,1,28,15
74,14,1,10,1
36,9,45,8,2
6,8,67,12,7
7,23,37,32,1
4,61,13,12,10
13,1,6,10,70
